1960	39920
1961	38105
1962	41112
1963	44636
1964	53550
1965	55131
1966	61838
1967	65527
1968	71285
1969	75090
1970	85399
1971	86919
1972	84047
1973	91389
1974	107314
1975	125497
1976	139573
1977	136995
1978	147389
1979	159950
1980	190511
1981	191834
1982	182701
1983	162361
1984	155691
1985	158513
1986	173807
1987	181751
1988	188261
1989	190573
1990	198604
1991	219400
1992	217889
1993	204274
1994	206859
1995	206188
1996	205962
1997	211188
1998	200065
1999	192819
2000	202159
2001	192835
2002	200331
2003	201572
2004	201664
2005	197071
2006	200578
2007	204530
2008	211401
2009	199201
2010	187191
2011	193358
2012	190571
2013	182669
2014	174814
2015	167742
2016	169137
2017	169243
2018	163099
