1960	38103
1961	42815
1962	50862
1963	52179
1964	53647
1965	53252
1966	59500
1967	65354
1968	79107
1969	94463
1970	117386
1971	125952
1972	131841
1973	133933
1974	153898
1975	169156
1976	175189
1977	178812
1978	182426
1979	195456
1980	211087
1981	217874
1982	215584
1983	208025
1984	205652
1985	223555
1986	229731
1987	212634
1988	203267
1989	200328
1990	199434
1991	205122
1992	206770
1993	197085
1994	194440
1995	202199
1996	195681
1997	181041
1998	178197
1999	164813
2000	171304
2001	186379
2002	195936
2003	195466
2004	197443
2005	206947
2006	182660
2007	163047
2008	158236
2009	151218
2010	151340
2011	148866
2012	155306
2013	156073
2014	152276
2015	161392
2016	171176
2017	172933
2018	174787
