1960  50049
1961  50370
1962  53762
1963  59392
1964  70398
1965  71485
1966  79893
1967  92887
1968  108041
1969  113836
1970  121796
1971  137267
1972  130674
1973  137781
1974  153976
1975  168766
1976  171727
1977  168176
1978  166096
1979  178349
1980  194918
1981  193731
1982  184110
1983  167177
1984  159884
1985  173348
1986  183823
1987  195986
1988  185792
1989  190801
1990  198577
1991  199274
1992  205664
1993  198125
1994  198253
1995  207327
1996  207891
1997  206833
1998  191197
1999  171802
2000  171611
2001  178191
2002  177454
2003  170979
2004  168770
2005  173544
2006  175534
2007  172832
2008  162976
2009  152160
2010  148946
2011  148506
2012  150571
2013  143295
2014  137882
2015  135303
2016  131150
2017  135775
