1960 	1,360
1961 	1,278
1962 	1,338
1963 	1,376
1964 	1,613
1965 	2,047
1966 	2,221
1967 	2,325
1968 	2,543
1969 	2,881
1970 	3,093
1971 	3,994
1972 	4,598
1973 	5,219
1974 	5,053
1975 	6,134
1976 	6,475
1977 	5,961
1978 	6,402
1979 	7,272
1980 	7,967
1981 	8,913
1982 	9,982
1983 	9,608
1984 	9,798
1985 	10,207
1986 	10,731
1987 	9,427
1988 	9,938
1989 	10,755
1990 	11,821
1991 	12,922
1992 	14,781
1993 	15,024
1994 	14,708
1995 	13,804
1996 	14,399
1997 	14,762
1998 	16,700
1999 	14,520
2000 	13,786
2001 	14,288
2002 	13,719
2003 	12,535
2004 	13,081
2005 	12,448
2006 	12,797
2007 	13,311
2008 	12,967
2009 	12,709
2010 	12,147
2011 	11,904
2012 	11,660
2013 	12,990
2014 	12,459
