2015	373.7
1997	611
1998	567.6
1999	523
2000	506.5
2001	504.5
2002	494.4
2003	475.8
2004	463.2
2005	469
2006	479.3
2007	471.8
2008	458.6
2009	431.9
2010	404.5
2011	387.1
1989	666.9
1990	729.6
1991	758.2
1992	757.7
1993	747.1
1994	713.6
2017	394.9
2018	380.6
2012	387.8
2013	369.1
2014	361.6
1995	684.5
2016	397.5
1996	636.6
1996	840.6
1997	853.3
1998	961.4
1999	834.6
2000	757.9
2001	780.4
2002	740.7
2003	667.3
2004	687.4
2005	646.3
2006	654.7
2008	653.5
2009	632.4
2010	588
2011	572.7
2012	559.6
2007	675.7
2013	622.5
2014	597.7
1995	819.2
2015	657.2
1989	703.9
1990	780.2
1991	834.8
1992	934.9
1993	929.7
1994	889.2
2017	778.6
2018	856.6
2016	699.4

